Homes:
  471ea97b-8139-3a91-a1a0-3d9cf2d4201b:
    X: 13913.335151617848
    Y: 62.0
    Z: 32343.35458814135
    Yaw: -350.41406
    Pitch: 29.03125
    World: survival
  248503c7-0452-35f0-8024-c35cc26e7806:
    X: 2456.300000011921
    Y: 74.0
    Z: 1640.5189650795398
    Yaw: -95.9375
    Pitch: 43.632812
    World: survivaln
  526edfdb-cfe5-36be-b73f-f8717092c37f:
    X: 13921.7570001222
    Y: 62.0
    Z: 32335.090964828345
    Yaw: -201.70312
    Pitch: 42.984375
    World: survival
