jails: 
  will: 
    world: amp
    x: 26126.69999998808
    y: 87.0
    z: 37385.66156259959
    yaw: -111.8125
    pitch: 26.382812
  penis: 
    world: amp
    x: 8.69999998807907
    y: 83.0
    z: 7.3000000119209325
    yaw: -189.71094
    pitch: 30.523438
