lastAccountName: Stalin
timestamps:
  login: 1714060203907
  logout: 1714060234281
ipAddress: 0:0:0:0:0:0:0:1
logoutlocation:
  world: world
  x: -692.9724618442025
  y: 104.0
  z: -10.580468025428544
  yaw: 22.285942
  pitch: 33.0625
