lastAccountName: ppllss
timestamps:
  login: 1715274564613
  logout: 1715274672977
ipAddress: 0:0:0:0:0:0:0:1
logoutlocation:
  world: amp
  x: 17422.69999998808
  y: 84.0
  z: 40628.30000001192
  yaw: -138.90001
  pitch: 15.600001
