lastAccountName: L__
timestamps:
  login: 1715197728457
  logout: 1715197833437
ipAddress: 0:0:0:0:0:0:0:1
logoutlocation:
  world: amp
  x: 235.30000001192093
  y: 50.0
  z: 88.88507425328659
  yaw: 156.00012
  pitch: 42.60001
