lastAccountName: KarsS
timestamps:
  login: 1715027710903
  logout: 1715027755283
ipAddress: 0:0:0:0:0:0:0:1
logoutlocation:
  world: lobby
  x: 1248.4215198136287
  y: 70.7531999805212
  z: -1135.2852479266212
  yaw: 94.20001
  pitch: 14.250001
lastlocation:
  world: amp
  x: -4.093684781144122
  y: 64.0
  z: -21.093339900895835
  yaw: 196.80017
  pitch: 63.149998
