lastAccountName: Pho999
timestamps:
  login: 1715112408294
  logout: 1715112497907
ipAddress: 0:0:0:0:0:0:0:1
lastlocation:
  world: world
  x: -780.1431991490688
  y: 79.0
  z: 145.27650320075446
  yaw: -181.96875
  pitch: 25.789062
logoutlocation:
  world: world
  x: -784.6920346862637
  y: 83.0
  z: 143.7701987055342
  yaw: -2.329712
  pitch: 44.699997
