lastAccountName: sigma_migma
timestamps:
  login: 1723840277507
  logout: 1723840408851
ipAddress: 0:0:0:0:0:0:0:1
logoutlocation:
  world: survival
  x: 6195.300000011921
  y: 69.0
  z: 28845.810663409466
  yaw: 10.703125
  pitch: 56.796875
