lastAccountName: THE_real_drem
timestamps:
  login: 1715114001650
  logout: 1715114021806
ipAddress: 0:0:0:0:0:0:0:1
lastlocation:
  world: amp
  x: 8.69999998807907
  y: 83.0
  z: 7.3000000119209325
  yaw: -189.71094
  pitch: 30.523438
jailed: true
jail: penis
logoutlocation:
  world: amp
  x: 8.69999998807907
  y: 83.0
  z: 7.3000000119209325
  yaw: -249.41095
  pitch: 10.123436
