lastAccountName: roblcoms69
timestamps:
  login: 1715090470779
  kits:
    tools: 1715090609579
  logout: 1715090679823
ipAddress: 0:0:0:0:0:0:0:1
lastlocation:
  world: amp
  x: -10.419904767942693
  y: 84.48479957514161
  z: 4.994241516862036
  yaw: 91.57339
  pitch: 40.55785
logoutlocation:
  world: amp
  x: -65.46572171828305
  y: 83.0
  z: -16.699999988079107
  yaw: -268.54932
  pitch: 8.803172
