lastAccountName: VoolYigg532
timestamps:
  login: 1715266200676
  logout: 1715266242375
ipAddress: 0:0:0:0:0:0:0:1
lastlocation:
  world: amp
  x: -19.750470151408475
  y: 83.0
  z: -14.169882775265908
  yaw: 154.43285
  pitch: -0.6593787
logoutlocation:
  world: lobby_main
  x: 14112.699999988079
  y: 64.0
  z: 124093.15354927763
  yaw: -211.50002
  pitch: 1.3500001
