lastAccountName: bukkit
timestamps:
  login: 1714354347962
  logout: 1714354359054
ipAddress: 0:0:0:0:0:0:0:1
logoutlocation:
  world: world
  x: -1760.6889922304665
  y: 71.0
  z: 128371.34978433905
  yaw: -25.28125
  pitch: 63.070312
