lastAccountName: WILLSUCKSHISBRO
timestamps:
  login: 1715176189940
  logout: 1715176193295
  kits:
    tools: 1715176097970
ipAddress: 0:0:0:0:0:0:0:1
logoutlocation:
  world: amp
  x: -31.587624428604727
  y: 83.0
  z: -3.5064916089840974
  yaw: 3.0829773
  pitch: 35.399994
lastlocation:
  world: amp
  x: -4.009143637604209
  y: 64.4807108763317
  z: -21.32191987895583
  yaw: 252.98291
  pitch: 16.799994
