lastAccountName: dukeypooki
timestamps:
  login: 1714011041665
  logout: 1714011055566
ipAddress: 0:0:0:0:0:0:0:1
logoutlocation:
  world: world
  x: -693.2278945317333
  y: 104.0
  z: -10.70383311275417
  yaw: -40.117188
  pitch: 11.8828125
lastlocation:
  world: world
  x: -693.2278945317333
  y: 104.0
  z: -10.70383311275417
  yaw: -40.117188
  pitch: 11.8828125
