lastAccountName: KarS
timestamps:
  login: 1723827594633
  logout: 1723827622308
ipAddress: 0:0:0:0:0:0:0:1
logoutlocation:
  world: world
  x: 96.94771127498697
  y: 96.0
  z: 205.364383526847
  yaw: -12.984375
  pitch: 28.429688
