lastAccountName: Jongo
timestamps:
  login: 1714418365492
  logout: 1714418712812
ipAddress: 0:0:0:0:0:0:0:1
logoutlocation:
  world: survival
  x: -0.2942526007073257
  y: 64.0
  z: 73.9632047206667
  yaw: 72.37344
  pitch: 44.699997
