lastAccountName: LABORYTORY
timestamps:
  login: 1714060802294
  logout: 1714060807911
ipAddress: 0:0:0:0:0:0:0:1
logoutlocation:
  world: amp
  x: 26955.90503333521
  y: 89.0
  z: 10169.118023364512
  yaw: 17.31384
  pitch: -61.199993
lastlocation:
  world: amp
  x: 5168.1057519985425
  y: 66.0
  z: 25374.28262560595
  yaw: 181.65002
  pitch: 47.250004
