lastAccountName: Olliedabest69hi
timestamps:
  login: 1715273868121
  logout: 1715273899657
ipAddress: 0:0:0:0:0:0:0:1
logoutlocation:
  world: amp
  x: -3.6069054703060965
  y: 83.0
  z: -11.24829371771789
  yaw: -18.914062
  pitch: 37.5625
