lastAccountName: ___
timestamps:
  login: 1714501201314
  logout: 1714501213657
ipAddress: 0:0:0:0:0:0:0:1
logoutlocation:
  world: lobby_main
  x: 14107.777266389505
  y: 68.0
  z: 124087.97812750368
  yaw: -100.95001
  pitch: 14.550001
