lastAccountName: Jongo2
timestamps:
  login: 1714419024424
  logout: 1714419030817
ipAddress: 0:0:0:0:0:0:0:1
logoutlocation:
  world: world
  x: -709.6379870126434
  y: 72.0
  z: 9.436544943399339
  yaw: -282.73126
  pitch: 40.068752
