lastAccountName: hithereguyz
timestamps:
  login: 1714506599245
  logout: 1714506607627
ipAddress: 0:0:0:0:0:0:0:1
logoutlocation:
  world: world
  x: -709.6379870126434
  y: 72.0
  z: 9.436544943399339
  yaw: -278.53125
  pitch: 19.96875
