lastAccountName: Sickie
timestamps:
  login: 1714485027577
  logout: 1714485735001
ipAddress: 0:0:0:0:0:0:0:1
logoutlocation:
  world: survival
  x: -146.71338772620607
  y: 69.0
  z: -7.640553460742799
  yaw: -137.62657
  pitch: 67.95
