lastAccountName: nerdude_eli
timestamps:
  login: 1714601335893
  logout: 1714601394542
  kits:
    tools: 1714589903032
ipAddress: 0:0:0:0:0:0:0:1
lastlocation:
  world: amp
  x: 101361.30000001192
  y: 124.0
  z: 101579.24395471772
  yaw: 189.23286
  pitch: -10.950009
logoutlocation:
  world: amp
  x: 101377.47797348643
  y: 199.0
  z: 101611.16211638183
  yaw: -347.46716
  pitch: 38.099995
