lastAccountName: Herschel
timestamps:
  login: 1714057855543
  logout: 1714058152160
ipAddress: 0:0:0:0:0:0:0:1
lastlocation:
  world: anarchy
  x: 9689.735148433509
  y: 81.0
  z: 29742.233326615573
  yaw: -233.70003
  pitch: 77.85
logoutlocation:
  world: anarchy
  x: 9689.498229397195
  y: 81.0
  z: 29741.806522826806
  yaw: -233.70003
  pitch: 77.85
