lastAccountName: WILLWHATWEREWE
timestamps:
  login: 1715194745955
  logout: 1715194770253
  kits:
    tools: 1715182786841
ipAddress: 0:0:0:0:0:0:0:1
logoutlocation:
  world: amp
  x: 19.975257009333514
  y: 81.0
  z: -8.699999988079071
  yaw: -142.65004
  pitch: 58.800003
lastlocation:
  world: ampn
  x: -8.975613639401821
  y: 31.109796834082342
  z: -45.26565283430919
  yaw: 344.10007
  pitch: 77.85001
