lastAccountName: Pho99
timestamps:
  login: 1715112354532
  logout: 1715112395392
ipAddress: 0:0:0:0:0:0:0:1
lastlocation:
  world: amp
  x: 4.882226731928389
  y: 83.0
  z: -0.1939231307870405
  yaw: -191.61719
  pitch: 40.890625
logoutlocation:
  world: world
  x: -781.9637953106377
  y: 79.0
  z: 143.05304667069694
  yaw: 308.4469
  pitch: 30.58594
