lastAccountName: Vincents_toes
timestamps:
  login: 1715112902914
  logout: 1715112933612
ipAddress: 0:0:0:0:0:0:0:1
lastlocation:
  world: world
  x: -780.1431991490688
  y: 79.0
  z: 145.27650320075446
  yaw: -181.96875
  pitch: 25.789062
jailed: true
jail: penis
logoutlocation:
  world: amp
  x: 8.5
  y: 83.0
  z: 7.5
  yaw: -189.71094
  pitch: 30.523438
