lastAccountName: chilly_willy364_
timestamps:
  login: 1723938517518
  logout: 1723938538611
ipAddress: 0:0:0:0:0:0:0:1
logoutlocation:
  world: survival
  x: -2.4681087776130823
  y: 76.0
  z: 2.957299212349124
  yaw: 201.35938
  pitch: 45.0625
