lastAccountName: the
timestamps:
  login: 1714060516784
  logout: 1714060540793
ipAddress: 0:0:0:0:0:0:0:1
logoutlocation:
  world: world
  x: -692.9556160644483
  y: 104.0
  z: -10.78964819033336
  yaw: -89.16406
  pitch: 44.3125
