lastAccountName: raaaaa
timestamps:
  login: 1714501460806
  logout: 1714503762404
ipAddress: 0:0:0:0:0:0:0:1
logoutlocation:
  world: amp
  x: -85.54153575368439
  y: 109.0
  z: -196.09315046022212
  yaw: -231.06726
  pitch: 4.949992
lastlocation:
  world: amp
  x: 9.638653732417852
  y: 83.58230961125521
  z: -9.311850332762575
  yaw: -53.617176
  pitch: 11.940622
