lastAccountName: notsoOuzy
timestamps:
  login: 1714588398876
  logout: 1714589215023
  kits:
    tools: 1714588891008
ipAddress: 0:0:0:0:0:0:0:1
logoutlocation:
  world: survival
  x: -85.69999998807906
  y: 62.0
  z: 116.44207990406537
  yaw: 267.3036
  pitch: 25.349995
lastlocation:
  world: survival
  x: 36.77794625786788
  y: 64.0
  z: 16.44365027628189
  yaw: -347.9266
  pitch: 25.649994
