lastAccountName: Emmett_Emmett
timestamps:
  login: 1715265873774
  kits:
    tools: 1715266295874
  logout: 1715266492046
ipAddress: 0:0:0:0:0:0:0:1
lastlocation:
  world: amp
  x: 38574.49185024695
  y: 9.0
  z: 12723.686891418523
  yaw: -77.11499
  pitch: 61.499996
logoutlocation:
  world: amp
  x: 49181.39147421163
  y: 83.0
  z: 13917.26609252323
  yaw: 197.40002
  pitch: 44.850002
