lastAccountName: ShermyWorm
timestamps:
  login: 1715112240915
  logout: 1715112254011
ipAddress: 0:0:0:0:0:0:0:1
lastlocation:
  world: amp
  x: 19.794805626680144
  y: 81.0
  z: 8.32956318420236
  yaw: -107.467224
  pitch: 7.440622
logoutlocation:
  world: amp
  x: 4.999472731667155
  y: 83.0
  z: -0.7039921738478057
  yaw: -47.91717
  pitch: 16.590624
