lastAccountName: FrendBoiSrryISik
timestamps:
  login: 1714423071639
  logout: 1714423123639
ipAddress: 0:0:0:0:0:0:0:1
lastlocation:
  world: amp
  x: 4.982773999252178
  y: 83.0
  z: 3.38392391703566
  yaw: -30.921875
  pitch: 4.6640625
logoutlocation:
  world: amp
  x: 4.882226731928389
  y: 83.0
  z: -0.1939231307870405
  yaw: -191.61719
  pitch: 40.890625
