lastAccountName: '99_3'
timestamps:
  login: 1715108720794
  logout: 1715108846850
ipAddress: 0:0:0:0:0:0:0:1
logoutlocation:
  world: survival
  x: -149.47645716952218
  y: 74.53972764270424
  z: 36.90053115037915
  yaw: 266.02347
  pitch: 36.899994
