lastAccountName: dikdik
timestamps:
  login: 1715111977460
  logout: 1715111993225
ipAddress: 0:0:0:0:0:0:0:1
logoutlocation:
  world: lobby_main
  x: 14110.777208021591
  y: 66.0
  z: 124094.69999998808
  yaw: -39.000004
  pitch: 75.3
