lastAccountName: DarvlerYeer189
timestamps:
  login: 1714435999336
  logout: 1714436165164
ipAddress: 0:0:0:0:0:0:0:1
lastlocation:
  world: world
  x: -709.8872258007323
  y: 72.0
  z: 9.427500170720577
  yaw: 88.668785
  pitch: 9.768748
logoutlocation:
  world: lobby_main
  x: 14089.816839646777
  y: 63.0
  z: 124087.66899054358
  yaw: -69.72121
  pitch: 27.394802
