lastAccountName: Skibidicuh
timestamps:
  login: 1714060276439
  logout: 1714060435537
ipAddress: 0:0:0:0:0:0:0:1
logoutlocation:
  world: survival
  x: 93.53706620447416
  y: 65.0
  z: 8.420695984303556
  yaw: 104.17349
  pitch: -27.30001
