lastAccountName: herobrine
timestamps:
  login: 1723725324424
  logout: 1723725373875
ipAddress: 0:0:0:0:0:0:0:1
afk: false
logoutlocation:
  world: survival
  x: 1858.5817123736122
  y: 87.0
  z: -62.88062621691762
  yaw: 353.8125
  pitch: 61.171875
