lastAccountName: Con3
timestamps:
  login: 1715111303413
  kits:
    tools: 1715110962758
  logout: 1715111336268
ipAddress: 0:0:0:0:0:0:0:1
logoutlocation:
  world: amp
  x: 406.2530104978632
  y: 67.0
  z: -3200.331623454301
  yaw: 192.00002
  pitch: 9.300002
