lastAccountName: hithereguy
timestamps:
  login: 1715113270438
  logout: 1715113287332
ipAddress: 0:0:0:0:0:0:0:1
logoutlocation:
  world: amp
  x: 4.848397171381709
  y: 83.0
  z: 0.053070008959613016
  yaw: -265.1172
  pitch: 14.340623
