lastAccountName: Olliedabest
timestamps:
  login: 1715272520505
  logout: 1715272551480
ipAddress: 0:0:0:0:0:0:0:1
logoutlocation:
  world: world
  x: -780.0332902215222
  y: 79.0
  z: 145.02261825755772
  yaw: -191.11876
  pitch: 60.289066
