lastAccountName: Olliedabest
timestamps:
  login: 1723840397120
  logout: 1723841107718
  kits:
    tools: 1723815252456
ipAddress: 0:0:0:0:0:0:0:1
logoutlocation:
  world: survival
  x: 1840.412734589408
  y: 66.0
  z: -63.64049603169828
  yaw: 326.81494
  pitch: -22.477573
nickname: stalin
lastlocation:
  world: survival
  x: 22833.242218239066
  y: 69.0
  z: 26995.06352795362
  yaw: 130.44736
  pitch: 7.472077
homes:
  home:
    world: survival
    x: 1853.0608615933472
    y: 79.0
    z: -58.44881035641939
    yaw: 202.90031
    pitch: 18.786388
