lastAccountName: idk
timestamps:
  login: 1714573550705
  logout: 1714573581394
ipAddress: 0:0:0:0:0:0:0:1
logoutlocation:
  world: world
  x: -709.6379870126434
  y: 72.0
  z: 9.436544943399339
  yaw: -270.58124
  pitch: 19.06875
