lastAccountName: notsoouzyy
timestamps:
  login: 1715198375208
  logout: 1715198489347
  kits:
    tools: 1715193828660
ipAddress: 0:0:0:0:0:0:0:1
logoutlocation:
  world: anarchy
  x: 969.6999999880791
  y: 65.0
  z: 1012.3154392805761
  yaw: 83.062744
  pitch: 21.30001
lastlocation:
  world: anarchy
  x: 940.8835002617943
  y: 64.0
  z: 1018.2121299940179
  yaw: 341.36255
  pitch: 34.199993
