lastAccountName: Vincent_Healy
timestamps:
  login: 1715112756514
  logout: 1715112764008
ipAddress: 0:0:0:0:0:0:0:1
logoutlocation:
  world: lobby_main
  x: 14109.0
  y: 68.78502770378924
  z: 124090.77398625072
  yaw: 0.0
  pitch: 0.0
