lastAccountName: Prest11
timestamps:
  login: 1715026864580
  logout: 1715027087334
ipAddress: 0:0:0:0:0:0:0:1
logoutlocation:
  world: amp
  x: 36237.23517657809
  y: 76.0
  z: 33744.30000001192
  yaw: 162.60016
  pitch: -37.05001
lastlocation:
  world: amp
  x: 36254.07216785016
  y: 78.0
  z: 33740.00951755915
  yaw: 209.70013
  pitch: 90.0
