lastAccountName: Phole
timestamps:
  login: 1715112295312
  logout: 1715112324561
ipAddress: 0:0:0:0:0:0:0:1
logoutlocation:
  world: amp
  x: -6.202127958307851
  y: 80.40739540236494
  z: -13.933943524470056
  yaw: -245.91724
  pitch: 69.84063
