lastAccountName: Chill
timestamps:
  login: 1714065829180
  logout: 1714065840853
ipAddress: 0:0:0:0:0:0:0:1
logoutlocation:
  world: amp
  x: 0.5778735757311527
  y: 83.0
  z: -10.994301974394308
  yaw: -132.21718
  pitch: 26.340624
