lastAccountName: ASS
timestamps:
  login: 1714077850688
  kits:
    tools: 1714073799142
  logout: 1714077881488
ipAddress: 0:0:0:0:0:0:0:1
logoutlocation:
  world: amp
  x: 14896.300000011921
  y: 44.0
  z: 26134.211173926502
  yaw: 81.9001
  pitch: -1.5000086
