lastAccountName: Olliedabest69420
timestamps:
  login: 1715090008904
  kits:
    tools: 1715090046281
  logout: 1715090199000
ipAddress: 0:0:0:0:0:0:0:1
lastlocation:
  world: amp
  x: 12.953288395801131
  y: 83.0
  z: 7.273861759546982
  yaw: 281.58728
  pitch: 25.774641
logoutlocation:
  world: amp
  x: -12.461528300681696
  y: 83.0
  z: -4.47876234852558
  yaw: -310.0847
  pitch: 9.6098795
