lastAccountName: dkb_enwmkn_
timestamps:
  login: 1715176707931
  logout: 1715176717818
ipAddress: 0:0:0:0:0:0:0:1
logoutlocation:
  world: world
  x: -780.1431991490688
  y: 79.0
  z: 145.27650320075446
  yaw: -77.41874
  pitch: 12.439061
