lastAccountName: SnowK
timestamps:
  login: 1723838738507
  logout: 1723838780513
ipAddress: 0:0:0:0:0:0:0:1
logoutlocation:
  world: survival
  x: 32.69999998807907
  y: 62.0
  z: 28.052507307710798
  yaw: -15.300003
  pitch: 23.85001
