lastAccountName: HEYWILLWHATWERE2
timestamps:
  login: 1715090296321
  logout: 1715090399223
ipAddress: 0:0:0:0:0:0:0:1
lastlocation:
  world: lobby_main
  x: 14109.6592150342
  y: 68.0
  z: 124091.78558584976
  yaw: -8.652121
  pitch: 9.317669
logoutlocation:
  world: amp
  x: 49231.147250378344
  y: 88.0
  z: 2195.5488764993734
  yaw: 57.698822
  pitch: 53.2074
