lastAccountName: dukeypookiee
timestamps:
  login: 1714013950582
  logout: 1714013961877
ipAddress: 0:0:0:0:0:0:0:1
logoutlocation:
  world: amp
  x: 17.100521538674045
  y: 83.0
  z: -5.012409449618153
  yaw: 105.90625
  pitch: -8.5859375
