lastAccountName: DarverYeeish613
timestamps:
  login: 1714492832826
  logout: 1714492882502
ipAddress: 0:0:0:0:0:0:0:1
logoutlocation:
  world: amp
  x: 17.69999998807907
  y: 78.0
  z: -17.102038063467845
  yaw: 182.03285
  pitch: 18.240623
