lastAccountName: Gabriel_Gunkel
timestamps:
  login: 1714418402527
  logout: 1714418433378
ipAddress: 0:0:0:0:0:0:0:1
lastlocation:
  world: world
  x: -702.2452064338528
  y: 71.0
  z: 19.00554272656474
  yaw: -209.82655
  pitch: 21.599993
logoutlocation:
  world: world
  x: -709.9791718725118
  y: 72.0
  z: 9.537641702846837
  yaw: 89.856285
  pitch: 43.232815
