lastAccountName: raaa
timestamps:
  login: 1714589121988
  logout: 1714590098847
ipAddress: 0:0:0:0:0:0:0:1
afk: false
logoutlocation:
  world: amp
  x: -314.6780083612099
  y: 78.0
  z: 186.4679049216876
  yaw: -41.766663
  pitch: -12.00001
lastlocation:
  world: amp
  x: -324.30000001192093
  y: 111.5330470841153
  z: -213.64991052542837
  yaw: -183.2166
  pitch: 51.6
