lastAccountName: Squibbles
timestamps:
  login: 1714504980908
  logout: 1714505474497
ipAddress: 0:0:0:0:0:0:0:1
logoutlocation:
  world: anarchy
  x: 1075.4492171109455
  y: 63.0
  z: 1057.0128519111363
  yaw: 257.8125
  pitch: 7.0499926
lastlocation:
  world: anarchy
  x: 947.2853766213257
  y: 61.04999999776482
  z: 1038.300000011921
  yaw: 152.8125
  pitch: 13.199993
