lastAccountName: tupac4real
timestamps:
  login: 1715112531308
  logout: 1715112541503
ipAddress: 0:0:0:0:0:0:0:1
logoutlocation:
  world: lobby_main
  x: 14109.0
  y: 68.0
  z: 124088.0
  yaw: -30.600002
  pitch: 12.000001
