lastAccountName: Buckmealt
timestamps:
  login: 1714065850296
  logout: 1714065877007
ipAddress: 0:0:0:0:0:0:0:1
logoutlocation:
  world: survival
  x: 224.8788035889208
  y: 67.0
  z: 125.9763093432941
  yaw: -78.52651
  pitch: 6.149992
