lastAccountName: YeetishSquibble2
timestamps:
  login: 1715269532757
  logout: 1715270128587
ipAddress: 0:0:0:0:0:0:0:1
logoutlocation:
  world: amp
  x: -70.25416070202174
  y: 77.0
  z: -130.22825050017994
  yaw: -212.0172
  pitch: 13.199993
lastlocation:
  world: amp
  x: -48.69999998807907
  y: 52.494783981114885
  z: -39.69999998807908
  yaw: -321.6672
  pitch: -74.250015
