lastAccountName: ShermyDaddy
timestamps:
  login: 1715112272016
  logout: 1715112280411
ipAddress: 0:0:0:0:0:0:0:1
logoutlocation:
  world: lobby_main
  x: 14110.895448147461
  y: 68.0
  z: 124091.86103735256
  yaw: 6.7500005
  pitch: 19.800001
