lastAccountName: Null_acc
timestamps:
  login: 1723859678175
  logout: 1723859771094
ipAddress: 0:0:0:0:0:0:0:1
logoutlocation:
  world: survival
  x: 23916.339422091733
  y: 64.0
  z: 18831.40388931523
  yaw: -152.06584
  pitch: 11.849993
