lastAccountName: TECHNO_nvr_dies
timestamps:
  login: 1715114048285
  kits:
    tools: 1715114295248
  logout: 1715114679932
ipAddress: 0:0:0:0:0:0:0:1
lastlocation:
  world: amp
  x: 21956.69999998808
  y: 52.0
  z: 34581.01504907529
  yaw: -221.10004
  pitch: 21.899994
logoutlocation:
  world: amp
  x: 22357.8385879151
  y: 95.10567940620355
  z: 12649.332197938127
  yaw: 93.600006
  pitch: 34.950005
