lastAccountName: DarverYeeish608
timestamps:
  login: 1715015487139
  logout: 1715016032725
ipAddress: 0:0:0:0:0:0:0:1
logoutlocation:
  world: amp
  x: -8.30000001192093
  y: 62.0
  z: -44.69999998807907
  yaw: -146.91719
  pitch: 5.340622
lastlocation:
  world: amp
  x: 270.9700346434727
  y: 89.24918707874468
  z: 1.1794270272375602
  yaw: -291.75003
  pitch: 7.950001
