lastAccountName: kiwiolo_alt
timestamps:
  login: 1715112020092
  logout: 1715112032200
ipAddress: 0:0:0:0:0:0:0:1
logoutlocation:
  world: lobby_main
  x: 14108.951720330704
  y: 68.0
  z: 124088.4194018205
  yaw: 7.5000005
  pitch: 8.85
