lastAccountName: NotJongo
timestamps:
  login: 1714419073098
  logout: 1714419078547
ipAddress: 0:0:0:0:0:0:0:1
logoutlocation:
  world: world
  x: -709.9820153609996
  y: 72.0
  z: 9.485546788943365
  yaw: -277.78125
  pitch: 24.31875
