lastAccountName: tmiller
timestamps:
  login: 1715269872509
  logout: 1715269890851
ipAddress: 0:0:0:0:0:0:0:1
logoutlocation:
  world: lobby_main
  x: 14108.964764456192
  y: 68.0
  z: 124090.47721547584
  yaw: -131.25002
  pitch: 25.950003
