lastAccountName: Vincentlikes_toe
timestamps:
  login: 1715112848509
  logout: 1715112891306
ipAddress: 0:0:0:0:0:0:0:1
lastlocation:
  world: amp
  x: -49.64669991882515
  y: 83.0
  z: -35.522554332045516
  yaw: 80.03284
  pitch: 26.040625
jailed: true
jail: penis
logoutlocation:
  world: amp
  x: 8.300000011920929
  y: 83.0
  z: 7.300000011920929
  yaw: -49.760925
  pitch: -3.7500083
