lastAccountName: MolesterWrestler
timestamps:
  login: 1723838214762
  logout: 1723838819034
ipAddress: 0:0:0:0:0:0:0:1
logoutlocation:
  world: survival
  x: -431.52795840776326
  y: 90.0
  z: 262.0490005230378
  yaw: -25.64978
  pitch: 14.5499935
lastlocation:
  world: survival
  x: 116.69999998807907
  y: 52.0
  z: 62.30000001192093
  yaw: -99.000015
  pitch: 70.95
nickname: emmet
