lastAccountName: Tacomuncher
timestamps:
  login: 1715194179898
  logout: 1715194335008
ipAddress: 0:0:0:0:0:0:0:1
money: '0.0'
logoutlocation:
  world: lobby_main
  x: 14109.205605441213
  y: 68.0
  z: 124089.0961436114
  yaw: -174.15001
  pitch: -76.50001
