lastAccountName: THE_real_dreme
timestamps:
  login: 1715112671115
  jail: 0
  logout: 1715112935805
ipAddress: 0:0:0:0:0:0:0:1
lastlocation:
  world: amp
  x: 8.699999988079071
  y: 83.0
  z: 7.699999988079071
  yaw: -241.91095
  pitch: 26.923437
jailed: true
jail: penis
logoutlocation:
  world: amp
  x: 8.61443271055226
  y: 83.0
  z: 7.699999988079071
  yaw: -279.71094
  pitch: 50.700012
