lastAccountName: BayerASSpirin1
timestamps:
  login: 1715048946873
  logout: 1715049111918
ipAddress: 0:0:0:0:0:0:0:1
logoutlocation:
  world: amp
  x: 41.332469442017
  y: 87.0
  z: -70.5554563833182
  yaw: -194.16719
  pitch: 21.390623
lastlocation:
  world: amp
  x: 138.3143745460923
  y: 80.0
  z: -111.61302110049905
  yaw: 77.78283
  pitch: 10.740622
