lastAccountName: Olliedabestballz
timestamps:
  login: 1714054403768
  kits:
    tools: 1714054557404
  logout: 1714054642380
ipAddress: 0:0:0:0:0:0:0:1
lastlocation:
  world: amp
  x: 28147.694149988918
  y: 75.0
  z: 13926.22233349966
  yaw: 86.58255
  pitch: 76.68904
logoutlocation:
  world: amp
  x: 28147.694149988918
  y: 75.0
  z: 13926.22233349966
  yaw: 82.256485
  pitch: 61.381443
