lastAccountName: YeelerDarver793
timestamps:
  login: 1715108784140
  logout: 1715109008696
ipAddress: 0:0:0:0:0:0:0:1
logoutlocation:
  world: amp
  x: 3.4967806902239937
  y: 83.0
  z: -0.9054827098221541
  yaw: -211.2672
  pitch: 30.690624
lastlocation:
  world: amp
  x: 4.571539871887042
  y: 76.00133597911214
  z: -18.72550435203133
  yaw: -81.0672
  pitch: -0.6593787
