lastAccountName: Luke_K
timestamps:
  login: 1715276571529
  logout: 1715276643317
  kits:
    tools: 1715099825357
ipAddress: 0:0:0:0:0:0:0:1
logoutlocation:
  world: survivalpr
  x: -57.69999998807907
  y: 71.0
  z: -133.69999998807907
  yaw: -265.2
  pitch: 4.6499925
lastlocation:
  world: survivalpr
  x: 88.71271208763392
  y: 20.34692001016909
  z: -986.5749999880791
  yaw: -203.08759
  pitch: -38.726566
