lastAccountName: Hi_
timestamps:
  login: 1714486224203
  logout: 1714486259515
ipAddress: 0:0:0:0:0:0:0:1
logoutlocation:
  world: lobby_main
  x: 14112.699999988079
  y: 68.0
  z: 124093.69999998808
  yaw: 137.27718
  pitch: 4.2912164
