lastAccountName: yahoo
timestamps:
  login: 1714015300357
  logout: 1714015331249
ipAddress: 0:0:0:0:0:0:0:1
logoutlocation:
  world: world
  x: -692.9448362529787
  y: 104.0
  z: -10.7108030264558
  yaw: -95.46406
  pitch: 23.012499
