lastAccountName: NIGGA
timestamps:
  login: 1715108931052
  logout: 1715109021398
ipAddress: 0:0:0:0:0:0:0:1
lastlocation:
  world: world
  x: -777.4476220790776
  y: 79.0
  z: 145.14702002873733
  yaw: -119.41875
  pitch: 18.289062
jailed: true
jail: penis
logoutlocation:
  world: amp
  x: 8.5
  y: 83.0
  z: 7.5
  yaw: -189.71094
  pitch: 30.523438
