lastAccountName: Phol
timestamps:
  login: 1715112336371
  logout: 1715112341262
ipAddress: 0:0:0:0:0:0:0:1
logoutlocation:
  world: world
  x: -780.1431991490688
  y: 79.0
  z: 145.27650320075446
  yaw: -181.96875
  pitch: 25.789062
