lastAccountName: diknballs
timestamps:
  login: 1715111859977
  logout: 1715111958024
  kits:
    tools: 1715110961959
ipAddress: 0:0:0:0:0:0:0:1
logoutlocation:
  world: amp
  x: -54.02472678961631
  y: 83.0
  z: -13.563992234470408
  yaw: 11.182861
  pitch: 12.840623
lastlocation:
  world: amp
  x: 27096.30000001192
  y: 145.0
  z: 34892.69999998808
  yaw: 82.20001
  pitch: 51.600014
