lastAccountName: lijahpijah
timestamps:
  login: 1723737044193
  logout: 1723737087991
ipAddress: 0:0:0:0:0:0:0:1
logoutlocation:
  world: survival
  x: -2.321153432361524
  y: 69.0
  z: -5.067526419423193
  yaw: 158.10004
  pitch: 16.949993
