world: city
x: -1597.5783455291687
y: 64.0
z: 286.7009516876953
yaw: -177.11719
pitch: 17.546875
name: city
