world: world
x: 97.58136472186168
y: 96.0
z: 205.37933217425694
yaw: -357.41406
pitch: 55.773438
name: lobby
